3740938769.093	283.804	284.339	283.716	0.000	283.729	295.296	0.000	294.271	0.000	155.000	166.000	0.000	0.000	0.000	0.000	0.000	0.000	0.000	0.000	0.000	-0.142	3.876	6.290	0.617	-376.800	92.660	0.000	0.100	0.100	744.447	376.800	0.000	0.000	2.821	0.000	0.000	0.000	1.000	0.000	0.000	0.000	0.000	0.000	0.000	0.000	0.000	0.000	0.000
3740938817.896	283.852	284.366	283.728	0.000	283.725	295.289	0.000	294.252	0.000	155.000	166.000	0.000	0.000	0.000	0.000	0.000	0.000	0.000	0.000	0.000	-0.142	3.876	3.719	0.605	-376.800	93.263	0.000	0.100	0.100	755.393	376.800	0.000	0.000	4.363	0.000	0.000	0.000	1.000	0.000	0.000	0.000	0.000	0.000	0.000	0.000	0.000	0.000	0.000
3740938827.897	283.839	284.355	283.723	0.000	283.730	295.292	0.000	294.241	0.000	155.000	166.000	0.000	0.000	0.000	0.000	0.000	0.000	0.000	0.000	0.000	0.161	3.876	8.861	0.593	-376.800	93.171	0.000	0.100	0.100	739.755	376.800	0.000	0.000	4.363	0.000	0.000	0.000	1.000	0.000	0.000	0.000	0.000	0.000	0.000	0.000	0.000	0.000	0.000
3740938837.897	283.854	284.369	283.727	0.000	283.736	295.297	0.000	294.263	0.000	155.000	166.000	0.000	0.000	0.000	0.000	0.000	0.000	0.000	0.000	0.000	-0.142	6.446	6.290	0.582	-376.800	92.847	0.000	0.100	0.100	747.574	376.800	0.000	0.000	4.363	0.000	0.000	0.000	1.000	0.000	0.000	0.000	0.000	0.000	0.000	0.000	0.000	0.000	0.000
3740938847.898	283.844	284.364	283.716	0.000	283.734	295.301	0.000	294.245	0.000	155.000	166.000	0.000	0.000	0.000	0.000	0.000	0.000	0.000	0.000	0.000	-0.142	1.305	3.719	0.582	-376.800	93.217	0.000	0.100	0.100	750.701	376.800	0.000	0.000	4.363	0.000	0.000	0.000	1.000	0.000	0.000	0.000	0.000	0.000	0.000	0.000	0.000	0.000	0.000
3740938857.897	283.834	284.361	283.723	0.000	283.727	295.295	0.000	294.252	0.000	155.000	166.000	0.000	0.000	0.000	0.000	0.000	0.000	0.000	0.000	0.000	-0.445	3.876	3.719	0.559	-376.800	93.217	0.000	0.100	0.100	746.792	376.800	0.000	0.000	3.335	0.000	0.000	0.000	1.000	0.000	0.000	0.000	0.000	0.000	0.000	0.000	0.000	0.000	0.000
3740938867.897	283.841	284.365	283.723	0.000	283.717	295.293	0.000	294.246	0.000	155.000	166.000	0.000	0.000	0.000	0.000	0.000	0.000	0.000	0.000	0.000	0.464	3.876	3.719	0.570	-376.800	93.310	0.000	0.100	0.100	749.138	376.800	0.000	0.000	2.821	0.000	0.000	0.000	1.000	0.000	0.000	0.000	0.000	0.000	0.000	0.000	0.000	0.000	0.000
3740938877.897	283.850	284.370	283.731	0.000	283.715	295.295	0.000	294.242	0.000	155.000	166.000	0.000	0.000	0.000	0.000	0.000	0.000	0.000	0.000	0.000	0.161	3.876	3.719	0.559	-376.800	92.662	0.000	0.100	0.100	742.882	376.800	0.000	0.000	1.792	0.000	0.000	0.000	1.000	0.000	0.000	0.000	0.000	0.000	0.000	0.000	0.000	0.000	0.000
3740938887.898	283.866	284.380	283.741	0.000	283.729	295.283	0.000	294.240	0.000	155.000	166.000	0.000	0.000	0.000	0.000	0.000	0.000	0.000	0.000	0.000	0.161	6.446	6.290	0.548	-376.800	93.681	0.000	0.100	0.100	746.010	376.800	0.000	0.000	1.792	0.000	0.000	0.000	1.000	0.000	0.000	0.000	0.000	0.000	0.000	0.000	0.000	0.000	0.000
3740938897.897	283.886	284.402	283.753	0.000	283.740	295.310	0.000	294.242	0.000	155.000	166.000	0.000	0.000	0.000	0.000	0.000	0.000	0.000	0.000	0.000	0.161	3.876	1.149	0.559	-376.800	93.820	0.000	0.100	0.100	734.282	376.800	0.000	0.000	5.906	0.000	0.000	0.000	1.000	0.000	0.000	0.000	0.000	0.000	0.000	0.000	0.000	0.000	0.000
3740938907.898	283.907	284.420	283.766	0.000	283.743	295.313	0.000	294.248	0.000	155.000	166.000	0.000	0.000	0.000	0.000	0.000	0.000	0.000	0.000	0.000	0.464	3.876	6.290	0.559	-376.800	94.144	0.000	0.100	0.100	744.446	376.800	0.000	0.000	11.048	0.000	0.000	0.000	1.000	0.000	0.000	0.000	0.000	0.000	0.000	0.000	0.000	0.000	0.000
3740938917.897	283.917	284.432	283.766	0.000	283.744	295.299	0.000	294.235	0.000	155.000	166.000	0.000	0.000	0.000	0.000	0.000	0.000	0.000	0.000	0.000	-0.142	1.305	6.290	0.559	-376.800	93.030	0.000	0.100	0.100	739.755	376.800	0.000	0.000	10.534	0.000	0.000	0.000	1.000	0.000	0.000	0.000	0.000	0.000	0.000	0.000	0.000	0.000	0.000
3740938927.898	283.934	284.432	283.776	0.000	283.743	295.280	0.000	294.236	0.000	155.000	166.000	0.000	0.000	0.000	0.000	0.000	0.000	0.000	0.000	0.000	0.161	3.876	6.290	0.537	-376.800	93.077	0.000	0.100	0.100	738.973	376.800	0.000	0.000	10.020	0.000	0.000	0.000	1.000	0.000	0.000	0.000	0.000	0.000	0.000	0.000	0.000	0.000	0.000
3740938937.897	283.940	284.443	283.775	0.000	283.749	295.279	0.000	294.234	0.000	155.000	166.000	0.000	0.000	0.000	0.000	0.000	0.000	0.000	0.000	0.000	-0.142	6.446	8.861	0.548	-376.800	93.310	0.000	0.100	0.100	742.882	376.800	0.000	0.000	9.505	0.000	0.000	0.000	1.000	0.000	0.000	0.000	0.000	0.000	0.000	0.000	0.000	0.000	0.000
3740938947.898	283.935	284.431	283.764	0.000	283.748	295.269	0.000	294.224	0.000	155.000	166.000	0.000	0.000	0.000	0.000	0.000	0.000	0.000	0.000	0.000	0.161	3.876	8.861	0.537	-376.800	92.986	0.000	0.100	0.100	743.664	376.800	0.000	0.000	8.991	0.000	0.000	0.000	1.000	0.000	0.000	0.000	0.000	0.000	0.000	0.000	0.000	0.000	0.000
3740938957.896	283.910	284.419	283.747	0.000	283.725	295.251	0.000	294.224	0.000	155.000	166.000	0.000	0.000	0.000	0.000	0.000	0.000	0.000	0.000	0.000	0.161	3.876	6.290	0.548	-376.800	93.635	0.000	0.100	0.100	749.137	376.800	0.000	0.000	8.991	0.000	0.000	0.000	1.000	0.000	0.000	0.000	0.000	0.000	0.000	0.000	0.000	0.000	0.000
3740938967.897	283.941	284.438	283.767	0.000	283.749	295.258	0.000	294.231	0.000	155.000	166.000	0.000	0.000	0.000	0.000	0.000	0.000	0.000	0.000	0.000	0.161	6.446	6.290	0.548	-376.800	93.310	0.000	0.100	0.100	749.137	376.800	0.000	0.000	8.477	0.000	0.000	0.000	1.000	0.000	0.000	0.000	0.000	0.000	0.000	0.000	0.000	0.000	0.000
3740938977.896	283.935	284.433	283.766	0.000	283.746	295.251	0.000	294.229	0.000	155.000	166.000	0.000	0.000	0.000	0.000	0.000	0.000	0.000	0.000	0.000	0.464	3.876	6.290	0.537	-376.800	92.754	0.000	0.100	0.100	736.627	376.800	0.000	0.000	7.963	0.000	0.000	0.000	1.000	0.000	0.000	0.000	0.000	0.000	0.000	0.000	0.000	0.000	0.000
3740938987.897	283.937	284.441	283.775	0.000	283.755	295.255	0.000	294.224	0.000	155.000	166.000	0.000	0.000	0.000	0.000	0.000	0.000	0.000	0.000	0.000	0.161	3.876	3.719	0.527	-376.800	92.708	0.000	0.100	0.100	743.664	376.800	0.000	0.000	7.963	0.000	0.000	0.000	1.000	0.000	0.000	0.000	0.000	0.000	0.000	0.000	0.000	0.000	0.000
3740938997.897	283.926	284.437	283.754	0.000	283.738	295.248	0.000	294.218	0.000	155.000	166.000	0.000	0.000	0.000	0.000	0.000	0.000	0.000	0.000	0.000	0.161	6.446	1.149	0.527	-376.800	93.403	0.000	0.100	0.100	745.228	376.800	0.000	0.000	6.934	0.000	0.000	0.000	1.000	0.000	0.000	0.000	0.000	0.000	0.000	0.000	0.000	0.000	0.000
3740939007.897	283.938	284.444	283.768	0.000	283.745	295.249	0.000	294.218	0.000	155.000	166.000	0.000	0.000	0.000	0.000	0.000	0.000	0.000	0.000	0.000	0.464	3.876	3.719	0.527	-376.800	92.661	0.000	0.100	0.100	743.664	376.800	0.000	0.000	5.906	0.000	0.000	0.000	1.000	0.000	0.000	0.000	0.000	0.000	0.000	0.000	0.000	0.000	0.000
3740939017.898	283.933	284.432	283.764	0.000	283.738	295.253	0.000	294.221	0.000	155.000	166.000	0.000	0.000	0.000	0.000	0.000	0.000	0.000	0.000	0.000	-0.142	3.876	6.290	0.527	-376.800	92.893	0.000	0.100	0.100	743.664	376.800	0.000	0.000	6.420	0.000	0.000	0.000	1.000	0.000	0.000	0.000	0.000	0.000	0.000	0.000	0.000	0.000	0.000
3740939020.897	283.932	284.445	283.766	0.000	283.743	295.244	0.000	294.213	0.000	155.000	166.000	0.000	0.000	0.000	0.000	0.000	0.000	0.000	0.000	0.000	-0.142	1.305	6.290	0.527	-376.800	93.681	0.000	0.100	0.100	742.882	376.800	0.000	0.000	3.849	0.000	0.000	0.000	1.000	0.000	0.000	0.000	0.000	0.000	0.000	0.000	0.000	0.000	0.000
3740939023.897	283.941	284.446	283.778	0.000	283.750	295.257	0.000	294.220	0.000	155.000	166.000	0.000	0.000	0.000	0.000	0.000	0.000	0.000	0.000	0.000	0.161	1.305	6.290	0.527	-376.800	93.171	0.000	0.100	0.100	742.100	376.800	0.000	0.000	10.534	0.000	0.000	0.000	1.000	0.000	0.000	0.000	0.000	0.000	0.000	0.000	0.000	0.000	0.000
3740939026.896	283.944	284.448	283.772	0.000	283.745	295.245	0.000	294.217	0.000	155.000	166.000	0.000	0.000	0.000	0.000	0.000	0.000	0.000	0.000	0.000	0.161	3.876	6.290	0.517	-376.800	92.893	0.000	0.100	0.100	746.010	376.800	0.000	0.000	6.934	0.000	0.000	0.000	1.000	0.000	0.000	0.000	0.000	0.000	0.000	0.000	0.000	0.000	0.000
3740939029.896	283.935	284.446	283.757	0.000	283.735	295.246	0.000	294.209	0.000	155.000	166.000	0.000	0.000	0.000	0.000	0.000	0.000	0.000	0.000	0.000	-0.142	6.446	3.719	0.517	-376.800	93.773	0.000	0.100	0.100	743.664	376.800	0.000	0.000	4.878	0.000	0.000	0.000	1.000	0.000	0.000	0.000	0.000	0.000	0.000	0.000	0.000	0.000	0.000
3740939032.897	283.925	284.439	283.756	0.000	283.734	295.246	0.000	294.218	0.000	155.000	166.000	0.000	0.000	0.000	0.000	0.000	0.000	0.000	0.000	0.000	0.161	3.876	3.719	0.527	-376.800	93.217	0.000	0.100	0.100	753.047	376.800	0.000	0.000	11.048	0.000	0.000	0.000	1.000	0.000	0.000	0.000	0.000	0.000	0.000	0.000	0.000	0.000	0.000
3740939035.897	283.929	284.432	283.749	0.000	283.745	295.238	0.000	294.210	0.000	155.000	166.000	0.000	0.000	0.000	0.000	0.000	0.000	0.000	0.000	0.000	-0.142	3.876	6.290	0.517	-376.800	92.707	0.000	0.100	0.100	770.251	376.800	0.000	0.000	7.449	0.000	0.000	0.000	1.000	0.000	0.000	0.000	0.000	0.000	0.000	0.000	0.000	0.000	0.000
3740939038.898	283.936	284.446	283.765	0.000	283.744	295.250	0.000	294.218	0.000	155.000	166.000	0.000	0.000	0.000	0.000	0.000	0.000	0.000	0.000	0.000	0.161	3.876	6.290	0.506	-376.800	93.356	0.000	0.100	0.100	789.017	376.800	0.000	0.000	4.363	0.000	0.000	0.000	1.000	0.000	0.000	0.000	0.000	0.000	0.000	0.000	0.000	0.000	0.000
3740939041.897	283.949	284.458	283.780	0.000	283.756	295.251	0.000	294.222	0.000	155.000	166.000	0.000	0.000	0.000	0.000	0.000	0.000	0.000	0.000	0.000	0.161	3.876	6.290	0.517	-376.800	92.614	0.000	0.100	0.100	789.800	376.800	0.000	0.000	3.335	0.000	0.000	0.000	1.000	0.000	0.000	0.000	0.000	0.000	0.000	0.000	0.000	0.000	0.000
3740939044.897	283.950	284.457	283.774	0.000	283.752	295.249	0.000	294.221	0.000	155.000	166.000	0.000	0.000	0.000	0.000	0.000	0.000	0.000	0.000	0.000	-0.142	3.876	6.290	0.517	-376.800	92.753	0.000	0.100	0.100	796.055	376.800	0.000	0.000	7.963	0.000	0.000	0.000	1.000	0.000	0.000	0.000	0.000	0.000	0.000	0.000	0.000	0.000	0.000
3740939047.897	283.947	284.450	283.776	0.000	283.757	295.252	0.000	294.220	0.000	155.000	166.000	0.000	0.000	0.000	0.000	0.000	0.000	0.000	0.000	0.000	0.464	6.446	3.719	0.517	-376.800	93.402	0.000	0.100	0.100	803.874	376.800	0.000	0.000	4.878	0.000	0.000	0.000	1.000	0.000	0.000	0.000	0.000	0.000	0.000	0.000	0.000	0.000	0.000
3740939050.898	283.944	284.444	283.777	0.000	283.754	295.243	0.000	294.214	0.000	155.000	166.000	0.000	0.000	0.000	0.000	0.000	0.000	0.000	0.000	0.000	-0.142	6.446	6.290	0.506	-376.800	93.356	0.000	0.100	0.100	789.800	376.800	0.000	0.000	1.792	0.000	0.000	0.000	1.000	0.000	0.000	0.000	0.000	0.000	0.000	0.000	0.000	0.000	0.000
3740939053.896	283.944	284.453	283.779	0.000	283.754	295.251	0.000	294.216	0.000	155.000	166.000	0.000	0.000	0.000	0.000	0.000	0.000	0.000	0.000	0.000	0.161	6.446	6.290	0.527	-376.800	94.097	0.000	0.100	0.100	789.798	376.800	0.000	0.000	8.991	0.000	0.000	0.000	1.000	0.000	0.000	0.000	0.000	0.000	0.000	0.000	0.000	0.000	0.000
3740939056.897	283.950	284.457	283.769	0.000	283.752	295.244	0.000	294.207	0.000	155.000	166.000	0.000	0.000	0.000	0.000	0.000	0.000	0.000	0.000	0.000	0.161	3.876	6.290	0.506	-376.800	92.892	0.000	0.100	0.100	788.235	376.800	0.000	0.000	5.392	0.000	0.000	0.000	1.000	0.000	0.000	0.000	0.000	0.000	0.000	0.000	0.000	0.000	0.000
3740939059.897	283.956	284.455	283.782	0.000	283.749	295.264	0.000	294.216	0.000	155.000	166.000	0.000	0.000	0.000	0.000	0.000	0.000	0.000	0.000	0.000	-0.142	3.876	6.290	0.517	-376.800	93.494	0.000	0.100	0.100	782.761	376.800	0.000	0.000	2.307	0.000	0.000	0.000	1.000	0.000	0.000	0.000	0.000	0.000	0.000	0.000	0.000	0.000	0.000
3740939062.897	283.956	284.454	283.787	0.000	283.754	295.254	0.000	294.210	0.000	155.000	166.000	0.000	0.000	0.000	0.000	0.000	0.000	0.000	0.000	0.000	0.161	3.876	3.719	0.517	-376.800	93.123	0.000	0.100	0.100	777.288	376.800	0.000	0.000	10.020	0.000	0.000	0.000	1.000	0.000	0.000	0.000	0.000	0.000	0.000	0.000	0.000	0.000	0.000
3740939065.898	283.954	284.449	283.777	0.000	283.756	295.248	0.000	294.214	0.000	155.000	166.000	0.000	0.000	0.000	0.000	0.000	0.000	0.000	0.000	0.000	-0.142	3.876	6.290	0.506	-376.800	93.772	0.000	0.100	0.100	777.288	376.800	0.000	0.000	6.420	0.000	0.000	0.000	1.000	0.000	0.000	0.000	0.000	0.000	0.000	0.000	0.000	0.000	0.000
3740939068.897	283.966	284.450	283.779	0.000	283.759	295.244	0.000	294.205	0.000	155.000	166.000	0.000	0.000	0.000	0.000	0.000	0.000	0.000	0.000	0.000	0.161	1.305	3.719	0.506	-376.800	93.262	0.000	0.100	0.100	782.761	376.800	0.000	0.000	3.335	0.000	0.000	0.000	1.000	0.000	0.000	0.000	0.000	0.000	0.000	0.000	0.000	0.000	0.000
3740939071.897	283.959	284.454	283.782	0.000	283.754	295.244	0.000	294.203	0.000	155.000	166.000	0.000	0.000	0.000	0.000	0.000	0.000	0.000	0.000	0.000	0.161	3.876	3.719	0.506	-376.800	92.798	0.000	0.100	0.100	769.469	376.800	0.000	0.000	10.534	0.000	0.000	0.000	1.000	0.000	0.000	0.000	0.000	0.000	0.000	0.000	0.000	0.000	0.000
3740939074.897	283.949	284.458	283.781	0.000	283.748	295.242	0.000	294.199	0.000	155.000	166.000	0.000	0.000	0.000	0.000	0.000	0.000	0.000	0.000	0.000	0.161	3.876	6.290	0.506	-376.800	93.308	0.000	0.100	0.100	771.032	376.800	0.000	0.000	6.934	0.000	0.000	0.000	1.000	0.000	0.000	0.000	0.000	0.000	0.000	0.000	0.000	0.000	0.000
3740939077.898	283.966	284.456	283.787	0.000	283.747	295.252	0.000	294.202	0.000	155.000	166.000	0.000	0.000	0.000	0.000	0.000	0.000	0.000	0.000	0.000	0.161	9.017	6.290	0.497	-376.800	93.772	0.000	0.100	0.100	766.341	376.800	0.000	0.000	3.335	0.000	0.000	0.000	1.000	0.000	0.000	0.000	0.000	0.000	0.000	0.000	0.000	0.000	0.000
3740939080.897	283.966	284.469	283.794	0.000	283.761	295.249	0.000	294.195	0.000	155.000	166.000	0.000	0.000	0.000	0.000	0.000	0.000	0.000	0.000	0.000	0.161	1.305	6.290	0.477	-376.800	92.891	0.000	0.100	0.100	756.958	376.800	0.000	0.000	10.534	0.000	0.000	0.000	1.000	0.000	0.000	0.000	0.000	0.000	0.000	0.000	0.000	0.000	0.000
3740939083.898	283.971	284.456	283.778	0.000	283.751	295.245	0.000	294.206	0.000	155.000	166.000	0.000	0.000	0.000	0.000	0.000	0.000	0.000	0.000	0.000	-0.142	3.876	6.290	0.506	-376.800	93.633	0.000	0.100	0.100	771.032	376.800	0.000	0.000	7.449	0.000	0.000	0.000	1.000	0.000	0.000	0.000	0.000	0.000	0.000	0.000	0.000	0.000	0.000
3740939086.897	283.971	284.475	283.782	0.000	283.755	295.252	0.000	294.205	0.000	155.000	166.000	0.000	0.000	0.000	0.000	0.000	0.000	0.000	0.000	0.000	0.766	3.876	6.290	0.506	-376.800	93.725	0.000	0.100	0.100	763.213	376.800	0.000	0.000	4.363	0.000	0.000	0.000	1.000	0.000	0.000	0.000	0.000	0.000	0.000	0.000	0.000	0.000	0.000
3740939089.898	283.976	284.465	283.785	0.000	283.757	295.257	0.000	294.203	0.000	155.000	166.000	0.000	0.000	0.000	0.000	0.000	0.000	0.000	0.000	0.000	0.464	3.876	6.290	0.506	-376.800	93.077	0.000	0.100	0.100	764.776	376.800	0.000	0.000	1.792	0.000	0.000	0.000	1.000	0.000	0.000	0.000	0.000	0.000	0.000	0.000	0.000	0.000	0.000
3740939092.897	283.964	284.462	283.780	0.000	283.757	295.260	0.000	294.193	0.000	155.000	166.000	0.000	0.000	0.000	0.000	0.000	0.000	0.000	0.000	0.000	0.161	3.876	8.861	0.517	-376.800	93.911	0.000	0.100	0.100	757.739	376.800	0.000	0.000	8.477	0.000	0.000	0.000	1.000	0.000	0.000	0.000	0.000	0.000	0.000	0.000	0.000	0.000	0.000
3740939095.897	283.969	284.464	283.781	0.000	283.755	295.255	0.000	294.206	0.000	155.000	166.000	0.000	0.000	0.000	0.000	0.000	0.000	0.000	0.000	0.000	-0.142	3.876	6.290	0.517	-376.800	93.540	0.000	0.100	0.100	767.904	376.800	0.000	0.000	4.878	0.000	0.000	0.000	1.000	0.000	0.000	0.000	0.000	0.000	0.000	0.000	0.000	0.000	0.000
3740939098.898	283.974	284.477	283.790	0.000	283.761	295.266	0.000	294.210	0.000	155.000	166.000	0.000	0.000	0.000	0.000	0.000	0.000	0.000	0.000	0.000	-0.142	6.446	6.290	0.497	-376.800	92.567	0.000	0.100	0.100	749.138	376.800	0.000	0.000	2.307	0.000	0.000	0.000	1.000	0.000	0.000	0.000	0.000	0.000	0.000	0.000	0.000	0.000	0.000
3740939101.897	283.966	284.463	283.789	0.000	283.749	295.253	0.000	294.198	0.000	155.000	166.000	0.000	0.000	0.000	0.000	0.000	0.000	0.000	0.000	0.000	0.464	3.876	6.290	0.497	-376.800	93.169	0.000	0.100	0.100	748.356	376.800	0.000	0.000	8.991	0.000	0.000	0.000	1.000	0.000	0.000	0.000	0.000	0.000	0.000	0.000	0.000	0.000	0.000
3740939104.897	283.979	284.474	283.791	0.000	283.762	295.273	0.000	294.207	0.000	155.000	166.000	0.000	0.000	0.000	0.000	0.000	0.000	0.000	0.000	0.000	0.161	1.305	3.719	0.506	-376.800	93.911	0.000	0.100	0.100	750.701	376.800	0.000	0.000	5.906	0.000	0.000	0.000	1.000	0.000	0.000	0.000	0.000	0.000	0.000	0.000	0.000	0.000	0.000
3740939107.897	283.992	284.472	283.802	0.000	283.777	295.272	0.000	294.203	0.000	155.000	166.000	0.000	0.000	0.000	0.000	0.000	0.000	0.000	0.000	0.000	-0.142	-1.266	6.290	0.517	-376.800	92.752	0.000	0.100	0.100	750.701	376.800	0.000	0.000	2.821	0.000	0.000	0.000	1.000	0.000	0.000	0.000	0.000	0.000	0.000	0.000	0.000	0.000	0.000
3740939110.898	283.988	284.486	283.805	0.000	283.773	295.277	0.000	294.216	0.000	155.000	166.000	0.000	0.000	0.000	0.000	0.000	0.000	0.000	0.000	0.000	-0.142	6.446	8.861	0.487	-376.800	93.077	0.000	0.100	0.100	738.191	376.800	0.000	0.000	8.991	0.000	0.000	0.000	1.000	0.000	0.000	0.000	0.000	0.000	0.000	0.000	0.000	0.000	0.000
3740939113.897	283.992	284.483	283.805	0.000	283.779	295.282	0.000	294.213	0.000	155.000	166.000	0.000	0.000	0.000	0.000	0.000	0.000	0.000	0.000	0.000	0.161	6.446	6.290	0.506	-376.800	93.217	0.000	0.100	0.100	740.536	376.800	0.000	0.000	6.420	0.000	0.000	0.000	1.000	0.000	0.000	0.000	0.000	0.000	0.000	0.000	0.000	0.000	0.000
3740939116.897	283.982	284.480	283.798	0.000	283.781	295.273	0.000	294.204	0.000	155.000	166.000	0.000	0.000	0.000	0.000	0.000	0.000	0.000	0.000	0.000	-0.142	-1.266	3.719	0.497	-376.800	92.475	0.000	0.100	0.100	735.845	376.800	0.000	0.000	2.821	0.000	0.000	0.000	1.000	0.000	0.000	0.000	0.000	0.000	0.000	0.000	0.000	0.000	0.000
3740939119.896	283.982	284.479	283.788	0.000	283.770	295.280	0.000	294.202	0.000	155.000	166.000	0.000	0.000	0.000	0.000	0.000	0.000	0.000	0.000	0.000	-0.142	3.876	3.719	0.497	-376.800	93.496	0.000	0.100	0.100	735.062	376.800	0.000	0.000	10.020	0.000	0.000	0.000	1.000	0.000	0.000	0.000	0.000	0.000	0.000	0.000	0.000	0.000	0.000
3740939122.897	283.988	284.481	283.799	0.000	283.775	295.272	0.000	294.198	0.000	155.000	166.000	0.000	0.000	0.000	0.000	0.000	0.000	0.000	0.000	0.000	0.161	3.876	3.719	0.487	-376.800	93.403	0.000	0.100	0.100	724.116	376.800	0.000	0.000	7.449	0.000	0.000	0.000	1.000	0.000	0.000	0.000	0.000	0.000	0.000	0.000	0.000	0.000	0.000
3740939125.896	283.990	284.497	283.818	0.000	283.792	295.282	0.000	294.205	0.000	155.000	166.000	0.000	0.000	0.000	0.000	0.000	0.000	0.000	0.000	0.000	0.161	3.876	3.719	0.487	-376.800	93.728	0.000	0.100	0.100	730.371	376.800	0.000	0.000	3.849	0.000	0.000	0.000	1.000	0.000	0.000	0.000	0.000	0.000	0.000	0.000	0.000	0.000	0.000
3740939128.897	283.986	284.486	283.799	0.000	283.781	295.274	0.000	294.198	0.000	155.000	166.000	0.000	0.000	0.000	0.000	0.000	0.000	0.000	0.000	0.000	-0.142	-1.266	6.290	0.497	-376.800	93.357	0.000	0.100	0.100	729.589	376.800	0.000	0.000	11.048	0.000	0.000	0.000	1.000	0.000	0.000	0.000	0.000	0.000	0.000	0.000	0.000	0.000	0.000
3740939131.897	283.991	284.491	283.808	0.000	283.783	295.280	0.000	294.192	0.000	155.000	166.000	0.000	0.000	0.000	0.000	0.000	0.000	0.000	0.000	0.000	-0.142	3.876	6.290	0.506	-376.800	93.079	0.000	0.100	0.100	720.988	376.800	0.000	0.000	7.449	0.000	0.000	0.000	1.000	0.000	0.000	0.000	0.000	0.000	0.000	0.000	0.000	0.000	0.000
3740939134.896	283.985	284.483	283.801	0.000	283.793	295.279	0.000	294.208	0.000	155.000	166.000	0.000	0.000	0.000	0.000	0.000	0.000	0.000	0.000	0.000	0.161	1.305	3.719	0.487	-376.800	93.218	0.000	0.100	0.100	719.424	376.800	0.000	0.000	4.363	0.000	0.000	0.000	1.000	0.000	0.000	0.000	0.000	0.000	0.000	0.000	0.000	0.000	0.000
3740939137.897	283.990	284.492	283.802	0.000	283.795	295.265	0.000	294.205	0.000	155.000	166.000	0.000	0.000	0.000	0.000	0.000	0.000	0.000	0.000	0.000	-0.142	1.305	6.290	0.487	-376.800	93.728	0.000	0.100	0.100	720.206	376.800	0.000	0.000	1.278	0.000	0.000	0.000	1.000	0.000	0.000	0.000	0.000	0.000	0.000	0.000	0.000	0.000	0.000
3740939140.897	283.979	284.495	283.796	0.000	283.796	295.268	0.000	294.206	0.000	155.000	166.000	0.000	0.000	0.000	0.000	0.000	0.000	0.000	0.000	0.000	-0.142	3.876	8.861	0.497	-376.800	93.589	0.000	0.100	0.100	728.025	376.800	0.000	0.000	7.963	0.000	0.000	0.000	1.000	0.000	0.000	0.000	0.000	0.000	0.000	0.000	0.000	0.000	0.000
3740939143.897	283.994	284.492	283.791	0.000	283.791	295.271	0.000	294.197	0.000	155.000	166.000	0.000	0.000	0.000	0.000	0.000	0.000	0.000	0.000	0.000	0.161	3.876	3.719	0.506	-376.800	92.893	0.000	0.100	0.100	722.552	376.800	0.000	0.000	4.878	0.000	0.000	0.000	1.000	0.000	0.000	0.000	0.000	0.000	0.000	0.000	0.000	0.000	0.000
3740939146.897	283.982	284.492	283.787	0.000	283.798	295.252	0.000	294.196	0.000	155.000	166.000	0.000	0.000	0.000	0.000	0.000	0.000	0.000	0.000	0.000	0.161	3.876	11.432	0.506	-376.800	93.218	0.000	0.100	0.100	723.334	376.800	0.000	0.000	2.307	0.000	0.000	0.000	1.000	0.000	0.000	0.000	0.000	0.000	0.000	0.000	0.000	0.000	0.000
3740939149.898	283.987	284.499	283.789	0.000	283.804	295.265	0.000	294.201	0.000	155.000	166.000	0.000	0.000	0.000	0.000	0.000	0.000	0.000	0.000	0.000	0.161	1.305	6.290	0.487	-376.800	93.820	0.000	0.100	0.100	720.205	376.800	0.000	0.000	8.991	0.000	0.000	0.000	1.000	0.000	0.000	0.000	0.000	0.000	0.000	0.000	0.000	0.000	0.000
3740939152.897	283.985	284.497	283.794	0.000	283.805	295.264	0.000	294.202	0.000	155.000	166.000	0.000	0.000	0.000	0.000	0.000	0.000	0.000	0.000	0.000	0.161	3.876	6.290	0.487	-376.800	93.727	0.000	0.100	0.100	720.988	376.800	0.000	0.000	5.906	0.000	0.000	0.000	1.000	0.000	0.000	0.000	0.000	0.000	0.000	0.000	0.000	0.000	0.000
3740939155.897	283.989	284.489	283.784	0.000	283.804	295.271	0.000	294.199	0.000	155.000	166.000	0.000	0.000	0.000	0.000	0.000	0.000	0.000	0.000	0.000	-0.142	9.017	3.719	0.477	-376.800	92.893	0.000	0.100	0.100	709.259	376.800	0.000	0.000	2.821	0.000	0.000	0.000	1.000	0.000	0.000	0.000	0.000	0.000	0.000	0.000	0.000	0.000	0.000
3740939158.898	283.973	284.495	283.773	0.000	283.807	295.260	0.000	294.195	0.000	155.000	166.000	0.000	0.000	0.000	0.000	0.000	0.000	0.000	0.000	0.000	-0.142	6.446	6.290	0.497	-376.800	93.032	0.000	0.100	0.100	719.423	376.800	0.000	0.000	9.505	0.000	0.000	0.000	1.000	0.000	0.000	0.000	0.000	0.000	0.000	0.000	0.000	0.000	0.000
3740939161.897	283.984	284.496	283.802	0.000	283.824	295.264	0.000	294.203	0.000	155.000	166.000	0.000	0.000	0.000	0.000	0.000	0.000	0.000	0.000	0.000	-0.142	1.305	3.719	0.487	-376.800	93.588	0.000	0.100	0.100	722.552	376.800	0.000	0.000	6.420	0.000	0.000	0.000	1.000	0.000	0.000	0.000	0.000	0.000	0.000	0.000	0.000	0.000	0.000
3740939164.897	283.976	284.496	283.778	0.000	283.813	295.259	0.000	294.194	0.000	155.000	166.000	0.000	0.000	0.000	0.000	0.000	0.000	0.000	0.000	0.000	0.161	3.876	3.719	0.497	-376.800	93.310	0.000	0.100	0.100	724.897	376.800	0.000	0.000	3.335	0.000	0.000	0.000	1.000	0.000	0.000	0.000	0.000	0.000	0.000	0.000	0.000	0.000	0.000
3740939167.898	283.971	284.500	283.791	0.000	283.821	295.258	0.000	294.195	0.000	155.000	166.000	0.000	0.000	0.000	0.000	0.000	0.000	0.000	0.000	0.000	0.464	1.305	6.290	0.487	-376.800	93.356	0.000	0.100	0.100	717.859	376.800	0.000	0.000	9.505	0.000	0.000	0.000	1.000	0.000	0.000	0.000	0.000	0.000	0.000	0.000	0.000	0.000	0.000
3740939170.897	283.972	284.485	283.782	0.000	283.831	295.252	0.000	294.201	0.000	155.000	166.000	0.000	0.000	0.000	0.000	0.000	0.000	0.000	0.000	0.000	0.161	6.446	8.861	0.487	-376.800	93.542	0.000	0.100	0.100	720.987	376.800	0.000	0.000	6.934	0.000	0.000	0.000	1.000	0.000	0.000	0.000	0.000	0.000	0.000	0.000	0.000	0.000	0.000
3740939173.896	283.970	284.500	283.782	0.000	283.841	295.259	0.000	294.200	0.000	155.000	166.000	0.000	0.000	0.000	0.000	0.000	0.000	0.000	0.000	0.000	-0.142	1.305	3.719	0.487	-376.800	93.217	0.000	0.100	0.100	717.860	376.800	0.000	0.000	4.363	0.000	0.000	0.000	1.000	0.000	0.000	0.000	0.000	0.000	0.000	0.000	0.000	0.000	0.000
3740939176.898	283.973	284.503	283.781	0.000	283.838	295.261	0.000	294.202	0.000	155.000	166.000	0.000	0.000	0.000	0.000	0.000	0.000	0.000	0.000	0.000	0.161	3.876	1.149	0.477	-376.800	93.124	0.000	0.100	0.100	720.988	376.800	0.000	0.000	11.562	0.000	0.000	0.000	1.000	0.000	0.000	0.000	0.000	0.000	0.000	0.000	0.000	0.000	0.000
3740939179.897	283.965	284.501	283.782	0.000	283.844	295.263	0.000	294.198	0.000	155.000	166.000	0.000	0.000	0.000	0.000	0.000	0.000	0.000	0.000	0.000	-0.142	1.305	8.861	0.497	-376.800	92.568	0.000	0.100	0.100	717.860	376.800	0.000	0.000	7.449	0.000	0.000	0.000	1.000	0.000	0.000	0.000	0.000	0.000	0.000	0.000	0.000	0.000	0.000
3740939182.898	283.964	284.496	283.782	0.000	283.856	295.267	0.000	294.205	0.000	155.000	166.000	0.000	0.000	0.000	0.000	0.000	0.000	0.000	0.000	0.000	-0.142	6.446	3.719	0.497	-376.800	94.236	0.000	0.100	0.100	715.514	376.800	0.000	0.000	4.878	0.000	0.000	0.000	1.000	0.000	0.000	0.000	0.000	0.000	0.000	0.000	0.000	0.000	0.000
3740939185.897	283.962	284.506	283.777	0.000	283.854	295.263	0.000	294.197	0.000	155.000	166.000	0.000	0.000	0.000	0.000	0.000	0.000	0.000	0.000	0.000	-0.142	3.876	6.290	0.497	-376.800	93.958	0.000	0.100	0.100	724.897	376.800	0.000	0.000	1.792	0.000	0.000	0.000	1.000	0.000	0.000	0.000	0.000	0.000	0.000	0.000	0.000	0.000	0.000
3740939188.897	283.948	284.496	283.781	0.000	283.859	295.265	0.000	294.197	0.000	155.000	166.000	0.000	0.000	0.000	0.000	0.000	0.000	0.000	0.000	0.000	0.161	1.305	6.290	0.477	-376.800	92.660	0.000	0.100	0.100	717.077	376.800	0.000	0.000	8.991	0.000	0.000	0.000	1.000	0.000	0.000	0.000	0.000	0.000	0.000	0.000	0.000	0.000	0.000
3740939191.898	283.955	284.520	283.784	0.000	283.867	295.274	0.000	294.196	0.000	155.000	166.000	0.000	0.000	0.000	0.000	0.000	0.000	0.000	0.000	0.000	0.161	1.305	6.290	0.497	-376.800	92.845	0.000	0.100	0.100	707.695	376.800	0.000	0.000	5.392	0.000	0.000	0.000	1.000	0.000	0.000	0.000	0.000	0.000	0.000	0.000	0.000	0.000	0.000
3740939194.897	283.960	284.521	283.789	0.000	283.869	295.273	0.000	294.212	0.000	155.000	166.000	0.000	0.000	0.000	0.000	0.000	0.000	0.000	0.000	0.000	0.464	3.876	8.861	0.487	-376.800	93.030	0.000	0.100	0.100	714.732	376.800	0.000	0.000	2.821	0.000	0.000	0.000	1.000	0.000	0.000	0.000	0.000	0.000	0.000	0.000	0.000	0.000	0.000
3740939197.898	283.964	284.519	283.786	0.000	283.878	295.257	0.000	294.196	0.000	155.000	166.000	0.000	0.000	0.000	0.000	0.000	0.000	0.000	0.000	0.000	-0.142	1.305	6.290	0.487	-376.800	93.215	0.000	0.100	0.100	711.604	376.800	0.000	0.000	8.991	0.000	0.000	0.000	1.000	0.000	0.000	0.000	0.000	0.000	0.000	0.000	0.000	0.000	0.000
3740939200.897	283.964	284.531	283.784	0.000	283.892	295.262	0.000	294.210	0.000	155.000	166.000	0.000	0.000	0.000	0.000	0.000	0.000	0.000	0.000	0.000	0.464	1.305	6.290	0.487	-376.800	93.030	0.000	0.100	0.100	719.423	376.800	0.000	0.000	6.420	0.000	0.000	0.000	1.000	0.000	0.000	0.000	0.000	0.000	0.000	0.000	0.000	0.000	0.000
3740939203.897	283.965	284.524	283.796	0.000	283.891	295.275	0.000	294.207	0.000	155.000	166.000	0.000	0.000	0.000	0.000	0.000	0.000	0.000	0.000	0.000	0.161	3.876	6.290	0.487	-376.800	92.984	0.000	0.100	0.100	706.131	376.800	0.000	0.000	3.335	0.000	0.000	0.000	1.000	0.000	0.000	0.000	0.000	0.000	0.000	0.000	0.000	0.000	0.000
3740939206.897	283.968	284.542	283.797	0.000	283.914	295.283	0.000	294.201	0.000	155.000	166.000	0.000	0.000	0.000	0.000	0.000	0.000	0.000	0.000	0.000	-0.142	3.876	3.719	0.477	-376.800	93.633	0.000	0.100	0.100	724.897	376.800	0.000	0.000	10.020	0.000	0.000	0.000	1.000	0.000	0.000	0.000	0.000	0.000	0.000	0.000	0.000	0.000	0.000
3740939209.897	283.973	284.530	283.794	0.000	283.919	295.286	0.000	294.195	0.000	155.000	166.000	0.000	0.000	0.000	0.000	0.000	0.000	0.000	0.000	0.000	0.464	3.876	6.290	0.487	-376.800	92.567	0.000	0.100	0.100	718.642	376.800	0.000	0.000	6.420	0.000	0.000	0.000	1.000	0.000	0.000	0.000	0.000	0.000	0.000	0.000	0.000	0.000	0.000
3740939212.897	283.978	284.541	283.791	0.000	283.935	295.293	0.000	294.202	0.000	155.000	166.000	0.000	0.000	0.000	0.000	0.000	0.000	0.000	0.000	0.000	0.766	3.876	1.149	0.487	-376.800	93.308	0.000	0.100	0.100	719.424	376.800	0.000	0.000	3.335	0.000	0.000	0.000	1.000	0.000	0.000	0.000	0.000	0.000	0.000	0.000	0.000	0.000	0.000
3740939215.897	283.985	284.548	283.794	0.000	283.944	295.292	0.000	294.191	0.000	155.000	166.000	0.000	0.000	0.000	0.000	0.000	0.000	0.000	0.000	0.000	-0.142	1.305	6.290	0.487	-376.800	92.891	0.000	0.100	0.100	715.514	376.800	0.000	0.000	10.020	0.000	0.000	0.000	1.000	0.000	0.000	0.000	0.000	0.000	0.000	0.000	0.000	0.000	0.000
3740939218.898	283.995	284.561	283.791	0.000	283.955	295.290	0.000	294.197	0.000	155.000	166.000	0.000	0.000	0.000	0.000	0.000	0.000	0.000	0.000	0.000	0.161	3.876	8.861	0.477	-376.800	93.725	0.000	0.100	0.100	711.604	376.800	0.000	0.000	7.449	0.000	0.000	0.000	1.000	0.000	0.000	0.000	0.000	0.000	0.000	0.000	0.000	0.000	0.000
3740939221.897	283.988	284.561	283.801	0.000	283.970	295.294	0.000	294.197	0.000	155.000	166.000	0.000	0.000	0.000	0.000	0.000	0.000	0.000	0.000	0.000	-0.142	6.446	8.861	0.477	-376.800	93.308	0.000	0.100	0.100	710.040	376.800	0.000	0.000	3.849	0.000	0.000	0.000	1.000	0.000	0.000	0.000	0.000	0.000	0.000	0.000	0.000	0.000	0.000
3740939224.898	283.989	284.559	283.807	0.000	283.984	295.293	0.000	294.197	0.000	155.000	166.000	0.000	0.000	0.000	0.000	0.000	0.000	0.000	0.000	0.000	0.161	3.876	3.719	0.477	-376.800	93.540	0.000	0.100	0.100	723.333	376.800	0.000	0.000	11.562	0.000	0.000	0.000	1.000	0.000	0.000	0.000	0.000	0.000	0.000	0.000	0.000	0.000	0.000
3740939227.898	284.002	284.572	283.798	0.000	283.988	295.312	0.000	294.202	0.000	155.000	166.000	0.000	0.000	0.000	0.000	0.000	0.000	0.000	0.000	0.000	0.161	6.446	3.719	0.477	-376.800	93.772	0.000	0.100	0.100	720.205	376.800	0.000	0.000	7.963	0.000	0.000	0.000	1.000	0.000	0.000	0.000	0.000	0.000	0.000	0.000	0.000	0.000	0.000
3740939230.898	284.003	284.579	283.813	0.000	284.002	295.304	0.000	294.209	0.000	155.000	166.000	0.000	0.000	0.000	0.000	0.000	0.000	0.000	0.000	0.000	0.464	6.446	3.719	0.487	-376.800	92.520	0.000	0.100	0.100	711.604	376.800	0.000	0.000	4.363	0.000	0.000	0.000	1.000	0.000	0.000	0.000	0.000	0.000	0.000	0.000	0.000	0.000	0.000
3740939233.897	284.003	284.592	283.818	0.000	284.007	295.310	0.000	294.201	0.000	155.000	166.000	0.000	0.000	0.000	0.000	0.000	0.000	0.000	0.000	0.000	-0.142	1.305	6.290	0.477	-376.800	92.845	0.000	0.100	0.100	717.078	376.800	0.000	0.000	2.307	0.000	0.000	0.000	1.000	0.000	0.000	0.000	0.000	0.000	0.000	0.000	0.000	0.000	0.000
3740939236.897	284.000	284.593	283.814	0.000	284.030	295.306	0.000	294.203	0.000	155.000	166.000	0.000	0.000	0.000	0.000	0.000	0.000	0.000	0.000	0.000	-0.142	6.446	6.290	0.468	-376.800	92.937	0.000	0.100	0.100	717.860	376.800	0.000	0.000	8.477	0.000	0.000	0.000	1.000	0.000	0.000	0.000	0.000	0.000	0.000	0.000	0.000	0.000	0.000
3740939239.897	284.004	284.593	283.813	0.000	284.056	295.296	0.000	294.198	0.000	155.000	166.000	0.000	0.000	0.000	0.000	0.000	0.000	0.000	0.000	0.000	-0.142	1.305	6.290	0.487	-376.800	93.493	0.000	0.100	0.100	713.168	376.800	0.000	0.000	4.363	0.000	0.000	0.000	1.000	0.000	0.000	0.000	0.000	0.000	0.000	0.000	0.000	0.000	0.000
3740939242.897	284.023	284.615	283.807	0.000	284.064	295.304	0.000	294.200	0.000	155.000	166.000	0.000	0.000	0.000	0.000	0.000	0.000	0.000	0.000	0.000	0.161	3.876	3.719	0.468	-376.800	93.540	0.000	0.100	0.100	712.386	376.800	0.000	0.000	3.335	0.000	0.000	0.000	1.000	0.000	0.000	0.000	0.000	0.000	0.000	0.000	0.000	0.000	0.000
3740939245.898	284.019	284.620	283.818	0.000	284.070	295.303	0.000	294.210	0.000	155.000	166.000	0.000	0.000	0.000	0.000	0.000	0.000	0.000	0.000	0.000	-0.142	-1.266	8.861	0.497	-376.800	93.586	0.000	0.100	0.100	719.423	376.800	0.000	0.000	8.991	0.000	0.000	0.000	1.000	0.000	0.000	0.000	0.000	0.000	0.000	0.000	0.000	0.000	0.000
3740939248.897	284.026	284.635	283.827	0.000	284.100	295.298	0.000	294.220	0.000	155.000	166.000	0.000	0.000	0.000	0.000	0.000	0.000	0.000	0.000	0.000	-0.142	1.305	3.719	0.477	-376.800	93.725	0.000	0.100	0.100	721.769	376.800	0.000	0.000	6.420	0.000	0.000	0.000	1.000	0.000	0.000	0.000	0.000	0.000	0.000	0.000	0.000	0.000	0.000
3740939251.898	284.018	284.624	283.811	0.000	284.087	295.295	0.000	294.196	0.000	155.000	166.000	0.000	0.000	0.000	0.000	0.000	0.000	0.000	0.000	0.000	0.161	1.305	1.149	0.497	-376.800	93.355	0.000	0.100	0.100	709.258	376.800	0.000	0.000	3.335	0.000	0.000	0.000	1.000	0.000	0.000	0.000	0.000	0.000	0.000	0.000	0.000	0.000	0.000
3740939254.897	284.028	284.636	283.816	0.000	284.097	295.291	0.000	294.208	0.000	155.000	166.000	0.000	0.000	0.000	0.000	0.000	0.000	0.000	0.000	0.000	0.161	6.446	3.719	0.477	-376.800	93.169	0.000	0.100	0.100	726.460	376.800	0.000	0.000	10.020	0.000	0.000	0.000	1.000	0.000	0.000	0.000	0.000	0.000	0.000	0.000	0.000	0.000	0.000
3740939257.897	284.034	284.660	283.810	0.000	284.130	295.298	0.000	294.209	0.000	155.000	166.000	0.000	0.000	0.000	0.000	0.000	0.000	0.000	0.000	0.000	-0.142	1.305	6.290	0.477	-376.800	93.911	0.000	0.100	0.100	713.168	376.800	0.000	0.000	6.420	0.000	0.000	0.000	1.000	0.000	0.000	0.000	0.000	0.000	0.000	0.000	0.000	0.000	0.000
3740939260.897	284.032	284.658	283.822	0.000	284.156	295.300	0.000	294.212	0.000	155.000	166.000	0.000	0.000	0.000	0.000	0.000	0.000	0.000	0.000	0.000	-0.142	1.305	3.719	0.477	-376.800	93.680	0.000	0.100	0.100	710.822	376.800	0.000	0.000	3.849	0.000	0.000	0.000	1.000	0.000	0.000	0.000	0.000	0.000	0.000	0.000	0.000	0.000	0.000
3740939263.897	284.017	284.652	283.815	0.000	284.156	295.295	0.000	294.205	0.000	155.000	166.000	0.000	0.000	0.000	0.000	0.000	0.000	0.000	0.000	0.000	0.464	1.305	6.290	0.477	-376.800	93.448	0.000	0.100	0.100	712.386	376.800	0.000	0.000	11.048	0.000	0.000	0.000	1.000	0.000	0.000	0.000	0.000	0.000	0.000	0.000	0.000	0.000	0.000
3740939266.897	284.018	284.681	283.813	0.000	284.163	295.301	0.000	294.205	0.000	155.000	166.000	0.000	0.000	0.000	0.000	0.000	0.000	0.000	0.000	0.000	-0.142	3.876	3.719	0.487	-376.800	92.707	0.000	0.100	0.100	717.078	376.800	0.000	0.000	7.449	0.000	0.000	0.000	1.000	0.000	0.000	0.000	0.000	0.000	0.000	0.000	0.000	0.000	0.000
3740939269.897	284.017	284.684	283.817	0.000	284.173	295.308	0.000	294.215	0.000	155.000	166.000	0.000	0.000	0.000	0.000	0.000	0.000	0.000	0.000	0.000	0.464	1.305	6.290	0.477	-376.800	92.614	0.000	0.100	0.100	712.386	376.800	0.000	0.000	4.363	0.000	0.000	0.000	1.000	0.000	0.000	0.000	0.000	0.000	0.000	0.000	0.000	0.000	0.000
3740939272.898	284.020	284.697	283.809	0.000	284.187	295.307	0.000	294.217	0.000	155.000	166.000	0.000	0.000	0.000	0.000	0.000	0.000	0.000	0.000	0.000	0.161	6.446	6.290	0.477	-376.800	93.356	0.000	0.100	0.100	714.732	376.800	0.000	0.000	11.048	0.000	0.000	0.000	1.000	0.000	0.000	0.000	0.000	0.000	0.000	0.000	0.000	0.000	0.000
3740939275.897	283.993	284.699	283.807	0.000	284.199	295.298	0.000	294.216	0.000	155.000	166.000	0.000	0.000	0.000	0.000	0.000	0.000	0.000	0.000	0.000	-0.445	6.446	3.719	0.477	-376.800	92.476	0.000	0.100	0.100	723.333	376.800	0.000	0.000	7.449	0.000	0.000	0.000	1.000	0.000	0.000	0.000	0.000	0.000	0.000	0.000	0.000	0.000	0.000
3740939278.897	284.005	284.719	283.809	0.000	284.219	295.307	0.000	294.208	0.000	155.000	166.000	0.000	0.000	0.000	0.000	0.000	0.000	0.000	0.000	0.000	0.161	3.876	3.719	0.477	-376.800	93.032	0.000	0.100	0.100	711.604	376.800	0.000	0.000	4.878	0.000	0.000	0.000	1.000	0.000	0.000	0.000	0.000	0.000	0.000	0.000	0.000	0.000	0.000
3740939281.897	283.997	284.731	283.801	0.000	284.204	295.301	0.000	294.196	0.000	155.000	166.000	0.000	0.000	0.000	0.000	0.000	0.000	0.000	0.000	0.000	-0.142	1.305	8.861	0.477	-376.800	92.337	0.000	0.100	0.100	715.514	376.800	0.000	0.000	1.278	0.000	0.000	0.000	1.000	0.000	0.000	0.000	0.000	0.000	0.000	0.000	0.000	0.000	0.000
3740939284.897	283.998	284.750	283.811	0.000	284.228	295.315	0.000	294.208	0.000	155.000	166.000	0.000	0.000	0.000	0.000	0.000	0.000	0.000	0.000	0.000	0.464	9.017	6.290	0.477	-376.800	92.800	0.000	0.100	0.100	717.859	376.800	0.000	0.000	7.963	0.000	0.000	0.000	1.000	0.000	0.000	0.000	0.000	0.000	0.000	0.000	0.000	0.000	0.000
3740939287.897	284.011	284.764	283.814	0.000	284.246	295.306	0.000	294.209	0.000	155.000	166.000	0.000	0.000	0.000	0.000	0.000	0.000	0.000	0.000	0.000	-0.142	3.876	6.290	0.477	-376.800	93.264	0.000	0.100	0.100	706.913	376.800	0.000	0.000	4.878	0.000	0.000	0.000	1.000	0.000	0.000	0.000	0.000	0.000	0.000	0.000	0.000	0.000	0.000
3740939290.896	284.013	284.783	283.811	0.000	284.273	295.315	0.000	294.203	0.000	155.000	166.000	0.000	0.000	0.000	0.000	0.000	0.000	0.000	0.000	0.000	0.161	3.876	3.719	0.487	-376.800	93.912	0.000	0.100	0.100	706.131	376.800	0.000	0.000	2.307	0.000	0.000	0.000	1.000	0.000	0.000	0.000	0.000	0.000	0.000	0.000	0.000	0.000	0.000
3740939293.897	284.011	284.805	283.817	0.000	284.291	295.320	0.000	294.217	0.000	155.000	166.000	0.000	0.000	0.000	0.000	0.000	0.000	0.000	0.000	0.000	0.161	3.876	6.290	0.477	-376.800	93.866	0.000	0.100	0.100	717.077	376.800	0.000	0.000	8.991	0.000	0.000	0.000	1.000	0.000	0.000	0.000	0.000	0.000	0.000	0.000	0.000	0.000	0.000
3740939296.897	284.011	284.828	283.814	0.000	284.312	295.311	0.000	294.209	0.000	155.000	166.000	0.000	0.000	0.000	0.000	0.000	0.000	0.000	0.000	0.000	-0.142	1.305	3.719	0.477	-376.800	93.031	0.000	0.100	0.100	715.514	376.800	0.000	0.000	5.906	0.000	0.000	0.000	1.000	0.000	0.000	0.000	0.000	0.000	0.000	0.000	0.000	0.000	0.000
3740939299.897	284.019	284.837	283.820	0.000	284.313	295.309	0.000	294.209	0.000	155.000	166.000	0.000	0.000	0.000	0.000	0.000	0.000	0.000	0.000	0.000	0.161	1.305	6.290	0.487	-376.800	93.726	0.000	0.100	0.100	706.131	376.800	0.000	0.000	3.335	0.000	0.000	0.000	1.000	0.000	0.000	0.000	0.000	0.000	0.000	0.000	0.000	0.000	0.000
3740939302.897	284.007	284.838	283.825	0.000	284.322	295.303	0.000	294.205	0.000	155.000	166.000	0.000	0.000	0.000	0.000	0.000	0.000	0.000	0.000	0.000	0.161	1.305	3.719	0.487	-376.800	93.124	0.000	0.100	0.100	713.950	376.800	0.000	0.000	10.020	0.000	0.000	0.000	1.000	0.000	0.000	0.000	0.000	0.000	0.000	0.000	0.000	0.000	0.000
3740939305.898	284.021	284.856	283.824	0.000	284.338	295.298	0.000	294.199	0.000	155.000	166.000	0.000	0.000	0.000	0.000	0.000	0.000	0.000	0.000	0.000	0.161	-1.266	6.290	0.487	-376.800	93.402	0.000	0.100	0.100	710.823	376.800	0.000	0.000	6.420	0.000	0.000	0.000	1.000	0.000	0.000	0.000	0.000	0.000	0.000	0.000	0.000	0.000	0.000
3740939308.897	284.015	284.875	283.822	0.000	284.361	295.307	0.000	294.207	0.000	155.000	166.000	0.000	0.000	0.000	0.000	0.000	0.000	0.000	0.000	0.000	0.161	3.876	3.719	0.497	-376.800	93.355	0.000	0.100	0.100	730.371	376.800	0.000	0.000	3.335	0.000	0.000	0.000	1.000	0.000	0.000	0.000	0.000	0.000	0.000	0.000	0.000	0.000	0.000
3740939311.898	284.010	284.880	283.825	0.000	284.385	295.300	0.000	294.202	0.000	155.000	166.000	0.000	0.000	0.000	0.000	0.000	0.000	0.000	0.000	0.000	0.161	1.305	3.719	0.468	-376.800	93.587	0.000	0.100	0.100	728.807	376.800	0.000	0.000	10.534	0.000	0.000	0.000	1.000	0.000	0.000	0.000	0.000	0.000	0.000	0.000	0.000	0.000	0.000
3740939314.897	284.002	284.895	283.816	0.000	284.410	295.298	0.000	294.210	0.000	155.000	166.000	0.000	0.000	0.000	0.000	0.000	0.000	0.000	0.000	0.000	-0.142	6.446	6.290	0.487	-376.800	92.659	0.000	0.100	0.100	730.371	376.800	0.000	0.000	6.934	0.000	0.000	0.000	1.000	0.000	0.000	0.000	0.000	0.000	0.000	0.000	0.000	0.000	0.000
3740939317.897	284.008	284.891	283.819	0.000	284.420	295.283	0.000	294.194	0.000	155.000	166.000	0.000	0.000	0.000	0.000	0.000	0.000	0.000	0.000	0.000	0.161	3.876	3.719	0.477	-376.800	93.447	0.000	0.100	0.100	730.370	376.800	0.000	0.000	4.363	0.000	0.000	0.000	1.000	0.000	0.000	0.000	0.000	0.000	0.000	0.000	0.000	0.000	0.000
3740939320.897	284.009	284.911	283.814	0.000	284.420	295.288	0.000	294.197	0.000	155.000	166.000	0.000	0.000	0.000	0.000	0.000	0.000	0.000	0.000	0.000	-0.142	3.876	6.290	0.487	-376.800	93.308	0.000	0.100	0.100	726.461	376.800	0.000	0.000	11.048	0.000	0.000	0.000	1.000	0.000	0.000	0.000	0.000	0.000	0.000	0.000	0.000	0.000	0.000
3740939323.897	284.007	284.936	283.817	0.000	284.442	295.285	0.000	294.209	0.000	155.000	166.000	0.000	0.000	0.000	0.000	0.000	0.000	0.000	0.000	0.000	0.161	3.876	8.861	0.487	-376.800	92.984	0.000	0.100	0.100	724.116	376.800	0.000	0.000	7.963	0.000	0.000	0.000	1.000	0.000	0.000	0.000	0.000	0.000	0.000	0.000	0.000	0.000	0.000
3740939326.897	284.001	284.944	283.819	0.000	284.451	295.284	0.000	294.205	0.000	155.000	166.000	0.000	0.000	0.000	0.000	0.000	0.000	0.000	0.000	0.000	0.161	-1.266	1.149	0.487	-376.800	93.401	0.000	0.100	0.100	724.898	376.800	0.000	0.000	4.878	0.000	0.000	0.000	1.000	0.000	0.000	0.000	0.000	0.000	0.000	0.000	0.000	0.000	0.000
3740939329.897	283.999	284.954	283.811	0.000	284.464	295.277	0.000	294.191	0.000	155.000	166.000	0.000	0.000	0.000	0.000	0.000	0.000	0.000	0.000	0.000	0.464	6.446	6.290	0.487	-376.800	92.613	0.000	0.100	0.100	725.679	376.800	0.000	0.000	1.278	0.000	0.000	0.000	1.000	0.000	0.000	0.000	0.000	0.000	0.000	0.000	0.000	0.000	0.000
3740939332.896	284.004	284.969	283.819	0.000	284.481	295.271	0.000	294.206	0.000	155.000	166.000	0.000	0.000	0.000	0.000	0.000	0.000	0.000	0.000	0.000	0.161	3.876	6.290	0.506	-376.800	93.031	0.000	0.100	0.100	729.589	376.800	0.000	0.000	7.963	0.000	0.000	0.000	1.000	0.000	0.000	0.000	0.000	0.000	0.000	0.000	0.000	0.000	0.000
3740939335.898	284.000	284.972	283.814	0.000	284.495	295.278	0.000	294.189	0.000	155.000	166.000	0.000	0.000	0.000	0.000	0.000	0.000	0.000	0.000	0.000	-0.142	1.305	6.290	0.497	-376.800	93.217	0.000	0.100	0.100	726.461	376.800	0.000	0.000	5.906	0.000	0.000	0.000	1.000	0.000	0.000	0.000	0.000	0.000	0.000	0.000	0.000	0.000	0.000
3740939338.898	284.005	284.994	283.811	0.000	284.517	295.279	0.000	294.210	0.000	155.000	166.000	0.000	0.000	0.000	0.000	0.000	0.000	0.000	0.000	0.000	-0.142	1.305	6.290	0.487	-376.800	93.402	0.000	0.100	0.100	728.807	376.800	0.000	0.000	2.307	0.000	0.000	0.000	1.000	0.000	0.000	0.000	0.000	0.000	0.000	0.000	0.000	0.000	0.000
3740939341.898	283.988	285.002	283.804	0.000	284.514	295.264	0.000	294.196	0.000	155.000	166.000	0.000	0.000	0.000	0.000	0.000	0.000	0.000	0.000	0.000	-0.142	3.876	6.290	0.477	-376.800	92.939	0.000	0.100	0.100	731.152	376.800	0.000	0.000	8.991	0.000	0.000	0.000	1.000	0.000	0.000	0.000	0.000	0.000	0.000	0.000	0.000	0.000	0.000
3740939344.897	283.998	285.017	283.816	0.000	284.524	295.279	0.000	294.206	0.000	155.000	166.000	0.000	0.000	0.000	0.000	0.000	0.000	0.000	0.000	0.000	-0.142	1.305	6.290	0.468	-376.800	93.264	0.000	0.100	0.100	723.333	376.800	0.000	0.000	5.906	0.000	0.000	0.000	1.000	0.000	0.000	0.000	0.000	0.000	0.000	0.000	0.000	0.000	0.000
3740939347.898	283.998	285.032	283.812	0.000	284.541	295.274	0.000	294.203	0.000	155.000	166.000	0.000	0.000	0.000	0.000	0.000	0.000	0.000	0.000	0.000	-0.142	3.876	6.290	0.487	-376.800	92.940	0.000	0.100	0.100	726.461	376.800	0.000	0.000	3.335	0.000	0.000	0.000	1.000	0.000	0.000	0.000	0.000	0.000	0.000	0.000	0.000	0.000	0.000
3740939350.897	283.994	285.044	283.819	0.000	284.551	295.272	0.000	294.198	0.000	155.000	166.000	0.000	0.000	0.000	0.000	0.000	0.000	0.000	0.000	0.000	0.464	9.017	3.719	0.497	-376.800	93.218	0.000	0.100	0.100	731.152	376.800	0.000	0.000	9.505	0.000	0.000	0.000	1.000	0.000	0.000	0.000	0.000	0.000	0.000	0.000	0.000	0.000	0.000
3740939353.897	283.998	285.049	283.819	0.000	284.559	295.266	0.000	294.212	0.000	155.000	166.000	0.000	0.000	0.000	0.000	0.000	0.000	0.000	0.000	0.000	0.464	3.876	6.290	0.487	-376.800	93.264	0.000	0.100	0.100	722.551	376.800	0.000	0.000	6.934	0.000	0.000	0.000	1.000	0.000	0.000	0.000	0.000	0.000	0.000	0.000	0.000	0.000	0.000
3740939356.897	284.001	285.071	283.821	0.000	284.586	295.266	0.000	294.204	0.000	155.000	166.000	0.000	0.000	0.000	0.000	0.000	0.000	0.000	0.000	0.000	0.161	3.876	8.861	0.487	-376.800	92.754	0.000	0.100	0.100	712.387	376.800	0.000	0.000	3.849	0.000	0.000	0.000	1.000	0.000	0.000	0.000	0.000	0.000	0.000	0.000	0.000	0.000	0.000
3740939359.897	283.995	285.081	283.816	0.000	284.585	295.254	0.000	294.200	0.000	155.000	166.000	0.000	0.000	0.000	0.000	0.000	0.000	0.000	0.000	0.000	-0.142	3.876	6.290	0.487	-376.800	93.125	0.000	0.100	0.100	719.424	376.800	0.000	0.000	9.505	0.000	0.000	0.000	1.000	0.000	0.000	0.000	0.000	0.000	0.000	0.000	0.000	0.000	0.000
3740939362.897	284.007	285.099	283.829	0.000	284.601	295.263	0.000	294.201	0.000	155.000	166.000	0.000	0.000	0.000	0.000	0.000	0.000	0.000	0.000	0.000	-0.142	3.876	6.290	0.487	-376.800	92.800	0.000	0.100	0.100	720.205	376.800	0.000	0.000	6.934	0.000	0.000	0.000	1.000	0.000	0.000	0.000	0.000	0.000	0.000	0.000	0.000	0.000	0.000
3740939365.897	284.004	285.112	283.818	0.000	284.611	295.260	0.000	294.204	0.000	155.000	166.000	0.000	0.000	0.000	0.000	0.000	0.000	0.000	0.000	0.000	0.161	6.446	6.290	0.487	-376.800	93.217	0.000	0.100	0.100	715.514	376.800	0.000	0.000	3.849	0.000	0.000	0.000	1.000	0.000	0.000	0.000	0.000	0.000	0.000	0.000	0.000	0.000	0.000
3740939368.897	284.003	285.117	283.825	0.000	284.608	295.252	0.000	294.191	0.000	155.000	166.000	0.000	0.000	0.000	0.000	0.000	0.000	0.000	0.000	0.000	0.161	3.876	6.290	0.487	-376.800	93.262	0.000	0.100	0.100	724.897	376.800	0.000	0.000	11.562	0.000	0.000	0.000	1.000	0.000	0.000	0.000	0.000	0.000	0.000	0.000	0.000	0.000	0.000
3740939371.897	283.997	285.116	283.814	0.000	284.618	295.251	0.000	294.195	0.000	155.000	166.000	0.000	0.000	0.000	0.000	0.000	0.000	0.000	0.000	0.000	-0.142	3.876	6.290	0.497	-376.800	94.143	0.000	0.100	0.100	717.860	376.800	0.000	0.000	7.963	0.000	0.000	0.000	1.000	0.000	0.000	0.000	0.000	0.000	0.000	0.000	0.000	0.000	0.000
3740939374.897	284.004	285.141	283.821	0.000	284.652	295.264	0.000	294.201	0.000	155.000	166.000	0.000	0.000	0.000	0.000	0.000	0.000	0.000	0.000	0.000	0.464	3.876	6.290	0.497	-376.800	93.355	0.000	0.100	0.100	725.679	376.800	0.000	0.000	4.878	0.000	0.000	0.000	1.000	0.000	0.000	0.000	0.000	0.000	0.000	0.000	0.000	0.000	0.000
3740939377.898	284.013	285.157	283.830	0.000	284.663	295.271	0.000	294.217	0.000	155.000	166.000	0.000	0.000	0.000	0.000	0.000	0.000	0.000	0.000	0.000	-0.445	3.876	6.290	0.497	-376.800	93.633	0.000	0.100	0.100	717.078	376.800	0.000	0.000	1.792	0.000	0.000	0.000	1.000	0.000	0.000	0.000	0.000	0.000	0.000	0.000	0.000	0.000	0.000
3740939380.897	284.004	285.161	283.820	0.000	284.674	295.259	0.000	294.207	0.000	155.000	166.000	0.000	0.000	0.000	0.000	0.000	0.000	0.000	0.000	0.000	-0.142	1.305	6.290	0.487	-376.800	93.401	0.000	0.100	0.100	724.116	376.800	0.000	0.000	7.963	0.000	0.000	0.000	1.000	0.000	0.000	0.000	0.000	0.000	0.000	0.000	0.000	0.000	0.000
3740939383.898	284.014	285.177	283.840	0.000	284.697	295.274	0.000	294.207	0.000	155.000	166.000	0.000	0.000	0.000	0.000	0.000	0.000	0.000	0.000	0.000	0.464	1.305	6.290	0.497	-376.800	93.680	0.000	0.100	0.100	722.552	376.800	0.000	0.000	5.392	0.000	0.000	0.000	1.000	0.000	0.000	0.000	0.000	0.000	0.000	0.000	0.000	0.000	0.000
3740939386.897	284.007	285.183	283.837	0.000	284.714	295.261	0.000	294.211	0.000	155.000	166.000	0.000	0.000	0.000	0.000	0.000	0.000	0.000	0.000	0.000	-0.142	1.305	6.290	0.517	-376.800	93.171	0.000	0.100	0.100	714.733	376.800	0.000	0.000	2.307	0.000	0.000	0.000	1.000	0.000	0.000	0.000	0.000	0.000	0.000	0.000	0.000	0.000	0.000
3740939389.897	284.002	285.202	283.830	0.000	284.718	295.264	0.000	294.209	0.000	155.000	166.000	0.000	0.000	0.000	0.000	0.000	0.000	0.000	0.000	0.000	0.161	3.876	6.290	0.517	-376.800	93.727	0.000	0.100	0.100	726.460	376.800	0.000	0.000	8.991	0.000	0.000	0.000	1.000	0.000	0.000	0.000	0.000	0.000	0.000	0.000	0.000	0.000	0.000
3740939392.897	284.007	285.201	283.821	0.000	284.715	295.260	0.000	294.210	0.000	155.000	166.000	0.000	0.000	0.000	0.000	0.000	0.000	0.000	0.000	0.000	0.464	1.305	3.719	0.506	-376.800	93.542	0.000	0.100	0.100	715.514	376.800	0.000	0.000	6.420	0.000	0.000	0.000	1.000	0.000	0.000	0.000	0.000	0.000	0.000	0.000	0.000	0.000	0.000
3740939395.898	283.994	285.207	283.822	0.000	284.726	295.263	0.000	294.205	0.000	155.000	166.000	0.000	0.000	0.000	0.000	0.000	0.000	0.000	0.000	0.000	0.161	3.876	6.290	0.506	-376.800	93.542	0.000	0.100	0.100	720.987	376.800	0.000	0.000	2.821	0.000	0.000	0.000	1.000	0.000	0.000	0.000	0.000	0.000	0.000	0.000	0.000	0.000	0.000
3740939398.897	284.002	285.228	283.834	0.000	284.741	295.252	0.000	294.212	0.000	155.000	166.000	0.000	0.000	0.000	0.000	0.000	0.000	0.000	0.000	0.000	-0.142	3.876	3.719	0.517	-376.800	93.449	0.000	0.100	0.100	728.024	376.800	0.000	0.000	10.020	0.000	0.000	0.000	1.000	0.000	0.000	0.000	0.000	0.000	0.000	0.000	0.000	0.000	0.000
3740939401.896	284.004	285.235	283.828	0.000	284.742	295.244	0.000	294.207	0.000	155.000	166.000	0.000	0.000	0.000	0.000	0.000	0.000	0.000	0.000	0.000	-0.142	3.876	3.719	0.506	-376.800	92.568	0.000	0.100	0.100	713.951	376.800	0.000	0.000	6.420	0.000	0.000	0.000	1.000	0.000	0.000	0.000	0.000	0.000	0.000	0.000	0.000	0.000	0.000
3740939404.897	284.006	285.254	283.843	0.000	284.761	295.255	0.000	294.208	0.000	155.000	166.000	0.000	0.000	0.000	0.000	0.000	0.000	0.000	0.000	0.000	-0.142	1.305	3.719	0.517	-376.800	93.309	0.000	0.100	0.100	715.514	376.800	0.000	0.000	2.821	0.000	0.000	0.000	1.000	0.000	0.000	0.000	0.000	0.000	0.000	0.000	0.000	0.000	0.000
3740939407.897	284.002	285.261	283.832	0.000	284.766	295.255	0.000	294.208	0.000	155.000	166.000	0.000	0.000	0.000	0.000	0.000	0.000	0.000	0.000	0.000	0.161	3.876	3.719	0.527	-376.800	93.216	0.000	0.100	0.100	720.205	376.800	0.000	0.000	10.020	0.000	0.000	0.000	1.000	0.000	0.000	0.000	0.000	0.000	0.000	0.000	0.000	0.000	0.000
3740939410.898	284.029	285.297	283.851	0.000	284.778	295.266	0.000	294.219	0.000	155.000	166.000	0.000	0.000	0.000	0.000	0.000	0.000	0.000	0.000	0.000	0.161	1.305	6.290	0.537	-376.800	94.097	0.000	0.100	0.100	708.477	376.800	0.000	0.000	7.449	0.000	0.000	0.000	1.000	0.000	0.000	0.000	0.000	0.000	0.000	0.000	0.000	0.000	0.000
3740939413.897	284.017	285.297	283.841	0.000	284.788	295.261	0.000	294.229	0.000	155.000	166.000	0.000	0.000	0.000	0.000	0.000	0.000	0.000	0.000	0.000	0.161	3.876	3.719	0.527	-376.800	92.984	0.000	0.100	0.100	714.732	376.800	0.000	0.000	4.363	0.000	0.000	0.000	1.000	0.000	0.000	0.000	0.000	0.000	0.000	0.000	0.000	0.000	0.000
3740939416.897	284.019	285.291	283.841	0.000	284.790	295.264	0.000	294.210	0.000	155.000	166.000	0.000	0.000	0.000	0.000	0.000	0.000	0.000	0.000	0.000	-0.142	3.876	6.290	0.537	-376.800	93.448	0.000	0.100	0.100	724.897	376.800	0.000	0.000	11.562	0.000	0.000	0.000	1.000	0.000	0.000	0.000	0.000	0.000	0.000	0.000	0.000	0.000	0.000
3740939419.898	284.023	285.315	283.859	0.000	284.815	295.267	0.000	294.215	0.000	155.000	166.000	0.000	0.000	0.000	0.000	0.000	0.000	0.000	0.000	0.000	-0.142	1.305	6.290	0.548	-376.800	92.845	0.000	0.100	0.100	718.642	376.800	0.000	0.000	7.963	0.000	0.000	0.000	1.000	0.000	0.000	0.000	0.000	0.000	0.000	0.000	0.000	0.000	0.000
3740939422.898	284.032	285.328	283.848	0.000	284.822	295.275	0.000	294.214	0.000	155.000	166.000	0.000	0.000	0.000	0.000	0.000	0.000	0.000	0.000	0.000	0.161	3.876	3.719	0.537	-376.800	93.030	0.000	0.100	0.100	724.115	376.800	0.000	0.000	4.878	0.000	0.000	0.000	1.000	0.000	0.000	0.000	0.000	0.000	0.000	0.000	0.000	0.000	0.000
3740939425.897	284.032	285.344	283.870	0.000	284.844	295.271	0.000	294.226	0.000	155.000	166.000	0.000	0.000	0.000	0.000	0.000	0.000	0.000	0.000	0.000	0.464	3.876	6.290	0.559	-376.800	93.215	0.000	0.100	0.100	715.514	376.800	0.000	0.000	2.307	0.000	0.000	0.000	1.000	0.000	0.000	0.000	0.000	0.000	0.000	0.000	0.000	0.000	0.000
3740939428.897	284.029	285.352	283.867	0.000	284.845	295.273	0.000	294.210	0.000	155.000	166.000	0.000	0.000	0.000	0.000	0.000	0.000	0.000	0.000	0.000	0.161	3.876	8.861	0.559	-376.800	93.030	0.000	0.100	0.100	724.115	376.800	0.000	0.000	8.477	0.000	0.000	0.000	1.000	0.000	0.000	0.000	0.000	0.000	0.000	0.000	0.000	0.000	0.000
3740939431.898	284.045	285.372	283.880	0.000	284.854	295.288	0.000	294.217	0.000	155.000	166.000	0.000	0.000	0.000	0.000	0.000	0.000	0.000	0.000	0.000	-0.142	3.876	8.861	0.559	-376.800	93.354	0.000	0.100	0.100	713.950	376.800	0.000	0.000	4.878	0.000	0.000	0.000	1.000	0.000	0.000	0.000	0.000	0.000	0.000	0.000	0.000	0.000	0.000
3740939434.897	284.048	285.382	283.881	0.000	284.871	295.289	0.000	294.228	0.000	155.000	166.000	0.000	0.000	0.000	0.000	0.000	0.000	0.000	0.000	0.000	0.464	-1.266	6.290	0.559	-376.800	93.308	0.000	0.100	0.100	705.349	376.800	0.000	0.000	2.821	0.000	0.000	0.000	1.000	0.000	0.000	0.000	0.000	0.000	0.000	0.000	0.000	0.000	0.000
3740939437.897	284.055	285.400	283.886	0.000	284.883	295.290	0.000	294.219	0.000	155.000	166.000	0.000	0.000	0.000	0.000	0.000	0.000	0.000	0.000	0.000	0.161	6.446	8.861	0.582	-376.800	93.169	0.000	0.100	0.100	723.333	376.800	0.000	0.000	9.505	0.000	0.000	0.000	1.000	0.000	0.000	0.000	0.000	0.000	0.000	0.000	0.000	0.000	0.000
3740939440.897	284.054	285.400	283.883	0.000	284.888	295.278	0.000	294.219	0.000	155.000	166.000	0.000	0.000	0.000	0.000	0.000	0.000	0.000	0.000	0.000	0.464	3.876	6.290	0.582	-376.800	93.030	0.000	0.100	0.100	721.770	376.800	0.000	0.000	5.906	0.000	0.000	0.000	1.000	0.000	0.000	0.000	0.000	0.000	0.000	0.000	0.000	0.000	0.000
3740939443.897	284.048	285.401	283.883	0.000	284.896	295.280	0.000	294.222	0.000	155.000	166.000	0.000	0.000	0.000	0.000	0.000	0.000	0.000	0.000	0.000	0.464	3.876	6.290	0.582	-376.800	92.845	0.000	0.100	0.100	723.333	376.800	0.000	0.000	2.821	0.000	0.000	0.000	1.000	0.000	0.000	0.000	0.000	0.000	0.000	0.000	0.000	0.000	0.000
3740939446.897	284.052	285.409	283.879	0.000	284.918	295.278	0.000	294.218	0.000	155.000	166.000	0.000	0.000	0.000	0.000	0.000	0.000	0.000	0.000	0.000	-0.142	6.446	6.290	0.582	-376.800	92.659	0.000	0.100	0.100	713.951	376.800	0.000	0.000	10.020	0.000	0.000	0.000	1.000	0.000	0.000	0.000	0.000	0.000	0.000	0.000	0.000	0.000	0.000
3740939449.898	284.052	285.408	283.882	0.000	284.936	295.281	0.000	294.224	0.000	155.000	166.000	0.000	0.000	0.000	0.000	0.000	0.000	0.000	0.000	0.000	0.464	1.305	3.719	0.582	-376.800	93.262	0.000	0.100	0.100	728.025	376.800	0.000	0.000	6.420	0.000	0.000	0.000	1.000	0.000	0.000	0.000	0.000	0.000	0.000	0.000	0.000	0.000	0.000
3740939452.897	284.051	285.425	283.879	0.000	284.930	295.287	0.000	294.222	0.000	155.000	166.000	0.000	0.000	0.000	0.000	0.000	0.000	0.000	0.000	0.000	-0.142	6.446	11.432	0.605	-376.800	93.679	0.000	0.100	0.100	715.514	376.800	0.000	0.000	3.849	0.000	0.000	0.000	1.000	0.000	0.000	0.000	0.000	0.000	0.000	0.000	0.000	0.000	0.000
3740939455.898	284.058	285.425	283.886	0.000	284.940	295.292	0.000	294.232	0.000	155.000	166.000	0.000	0.000	0.000	0.000	0.000	0.000	0.000	0.000	0.000	-0.142	3.876	6.290	0.605	-376.800	93.587	0.000	0.100	0.100	720.987	376.800	0.000	0.000	10.534	0.000	0.000	0.000	1.000	0.000	0.000	0.000	0.000	0.000	0.000	0.000	0.000	0.000	0.000
3740939458.897	284.057	285.443	283.890	0.000	284.946	295.271	0.000	294.225	0.000	155.000	166.000	0.000	0.000	0.000	0.000	0.000	0.000	0.000	0.000	0.000	-0.142	1.305	8.861	0.617	-376.800	93.773	0.000	0.100	0.100	711.605	376.800	0.000	0.000	7.449	0.000	0.000	0.000	1.000	0.000	0.000	0.000	0.000	0.000	0.000	0.000	0.000	0.000	0.000
3740939461.898	284.072	285.442	283.894	0.000	284.955	295.283	0.000	294.224	0.000	155.000	166.000	0.000	0.000	0.000	0.000	0.000	0.000	0.000	0.000	0.000	-0.445	1.305	8.861	0.629	-376.800	93.820	0.000	0.100	0.100	713.951	376.800	0.000	0.000	4.878	0.000	0.000	0.000	1.000	0.000	0.000	0.000	0.000	0.000	0.000	0.000	0.000	0.000	0.000
3740939464.897	284.072	285.465	283.902	0.000	284.961	295.286	0.000	294.223	0.000	155.000	166.000	0.000	0.000	0.000	0.000	0.000	0.000	0.000	0.000	0.000	0.464	3.876	6.290	0.629	-376.800	93.032	0.000	0.100	0.100	720.988	376.800	0.000	0.000	11.562	0.000	0.000	0.000	1.000	0.000	0.000	0.000	0.000	0.000	0.000	0.000	0.000	0.000	0.000
3740939467.898	284.075	285.466	283.888	0.000	284.955	295.273	0.000	294.225	0.000	155.000	166.000	0.000	0.000	0.000	0.000	0.000	0.000	0.000	0.000	0.000	0.161	6.446	6.290	0.642	-376.800	92.569	0.000	0.100	0.100	725.678	376.800	0.000	0.000	7.449	0.000	0.000	0.000	1.000	0.000	0.000	0.000	0.000	0.000	0.000	0.000	0.000	0.000	0.000
3740939470.897	284.078	285.463	283.903	0.000	284.973	295.272	0.000	294.219	0.000	155.000	166.000	0.000	0.000	0.000	0.000	0.000	0.000	0.000	0.000	0.000	-0.142	1.305	6.290	0.642	-376.800	92.661	0.000	0.100	0.100	722.551	376.800	0.000	0.000	4.363	0.000	0.000	0.000	1.000	0.000	0.000	0.000	0.000	0.000	0.000	0.000	0.000	0.000	0.000
3740939473.897	284.077	285.475	283.913	0.000	284.981	295.277	0.000	294.223	0.000	155.000	166.000	0.000	0.000	0.000	0.000	0.000	0.000	0.000	0.000	0.000	0.464	3.876	6.290	0.642	-376.800	92.800	0.000	0.100	0.100	720.988	376.800	0.000	0.000	1.278	0.000	0.000	0.000	1.000	0.000	0.000	0.000	0.000	0.000	0.000	0.000	0.000	0.000	0.000
3740939476.898	284.066	285.460	283.898	0.000	284.985	295.273	0.000	294.215	0.000	155.000	166.000	0.000	0.000	0.000	0.000	0.000	0.000	0.000	0.000	0.000	-0.142	3.876	3.719	0.668	-376.800	93.449	0.000	0.100	0.100	721.769	376.800	0.000	0.000	8.991	0.000	0.000	0.000	1.000	0.000	0.000	0.000	0.000	0.000	0.000	0.000	0.000	0.000	0.000
3740939479.898	284.062	285.474	283.891	0.000	284.986	295.265	0.000	294.208	0.000	155.000	166.000	0.000	0.000	0.000	0.000	0.000	0.000	0.000	0.000	0.000	0.161	1.305	3.719	0.681	-376.800	93.541	0.000	0.100	0.100	721.769	376.800	0.000	0.000	4.878	0.000	0.000	0.000	1.000	0.000	0.000	0.000	0.000	0.000	0.000	0.000	0.000	0.000	0.000
3740939482.898	284.089	285.482	283.901	0.000	285.009	295.271	0.000	294.217	0.000	155.000	166.000	0.000	0.000	0.000	0.000	0.000	0.000	0.000	0.000	0.000	-0.142	3.876	3.719	0.681	-376.800	92.892	0.000	0.100	0.100	717.078	376.800	0.000	0.000	2.307	0.000	0.000	0.000	1.000	0.000	0.000	0.000	0.000	0.000	0.000	0.000	0.000	0.000	0.000
3740939485.897	284.082	285.497	283.904	0.000	285.013	295.287	0.000	294.219	0.000	155.000	166.000	0.000	0.000	0.000	0.000	0.000	0.000	0.000	0.000	0.000	0.161	1.305	6.290	0.695	-376.800	93.355	0.000	0.100	0.100	717.860	376.800	0.000	0.000	9.505	0.000	0.000	0.000	1.000	0.000	0.000	0.000	0.000	0.000	0.000	0.000	0.000	0.000	0.000
3740939488.897	284.071	285.488	283.901	0.000	285.011	295.275	0.000	294.222	0.000	155.000	166.000	0.000	0.000	0.000	0.000	0.000	0.000	0.000	0.000	0.000	0.161	1.305	1.149	0.695	-376.800	94.143	0.000	0.100	0.100	727.243	376.800	0.000	0.000	6.420	0.000	0.000	0.000	1.000	0.000	0.000	0.000	0.000	0.000	0.000	0.000	0.000	0.000	0.000
3740939491.898	284.086	285.507	283.899	0.000	285.027	295.281	0.000	294.214	0.000	155.000	166.000	0.000	0.000	0.000	0.000	0.000	0.000	0.000	0.000	0.000	0.464	3.876	6.290	0.695	-376.800	93.262	0.000	0.100	0.100	715.514	376.800	0.000	0.000	3.335	0.000	0.000	0.000	1.000	0.000	0.000	0.000	0.000	0.000	0.000	0.000	0.000	0.000	0.000
3740939494.896	284.095	285.530	283.907	0.000	285.036	295.287	0.000	294.219	0.000	155.000	166.000	0.000	0.000	0.000	0.000	0.000	0.000	0.000	0.000	0.000	-0.142	3.876	6.290	0.737	-376.800	93.541	0.000	0.100	0.100	725.679	376.800	0.000	0.000	10.020	0.000	0.000	0.000	1.000	0.000	0.000	0.000	0.000	0.000	0.000	0.000	0.000	0.000	0.000
3740939497.898	284.092	285.527	283.907	0.000	285.036	295.276	0.000	294.217	0.000	155.000	166.000	0.000	0.000	0.000	0.000	0.000	0.000	0.000	0.000	0.000	0.766	3.876	3.719	0.737	-376.800	93.124	0.000	0.100	0.100	720.988	376.800	0.000	0.000	6.420	0.000	0.000	0.000	1.000	0.000	0.000	0.000	0.000	0.000	0.000	0.000	0.000	0.000	0.000
3740939500.897	284.102	285.548	283.910	0.000	285.042	295.282	0.000	294.222	0.000	155.000	166.000	0.000	0.000	0.000	0.000	0.000	0.000	0.000	0.000	0.000	-0.445	1.305	6.290	0.752	-376.800	93.124	0.000	0.100	0.100	721.769	376.800	0.000	0.000	2.821	0.000	0.000	0.000	1.000	0.000	0.000	0.000	0.000	0.000	0.000	0.000	0.000	0.000	0.000
3740939503.897	284.116	285.565	283.934	0.000	285.047	295.281	0.000	294.220	0.000	155.000	166.000	0.000	0.000	0.000	0.000	0.000	0.000	0.000	0.000	0.000	-0.142	3.876	8.861	0.767	-376.800	92.707	0.000	0.100	0.100	710.823	376.800	0.000	0.000	10.020	0.000	0.000	0.000	1.000	0.000	0.000	0.000	0.000	0.000	0.000	0.000	0.000	0.000	0.000
3740939506.897	284.118	285.553	283.934	0.000	285.056	295.292	0.000	294.228	0.000	155.000	166.000	0.000	0.000	0.000	0.000	0.000	0.000	0.000	0.000	0.000	-0.142	1.305	3.719	0.782	-376.800	93.588	0.000	0.100	0.100	718.642	376.800	0.000	0.000	6.934	0.000	0.000	0.000	1.000	0.000	0.000	0.000	0.000	0.000	0.000	0.000	0.000	0.000	0.000
3740939509.897	284.109	285.562	283.921	0.000	285.073	295.286	0.000	294.214	0.000	155.000	166.000	0.000	0.000	0.000	0.000	0.000	0.000	0.000	0.000	0.000	0.161	6.446	3.719	0.797	-376.800	93.217	0.000	0.100	0.100	720.205	376.800	0.000	0.000	4.363	0.000	0.000	0.000	1.000	0.000	0.000	0.000	0.000	0.000	0.000	0.000	0.000	0.000	0.000
3740939512.898	284.127	285.563	283.934	0.000	285.083	295.282	0.000	294.219	0.000	155.000	166.000	0.000	0.000	0.000	0.000	0.000	0.000	0.000	0.000	0.000	0.161	1.305	8.861	0.813	-376.800	93.310	0.000	0.100	0.100	715.514	376.800	0.000	0.000	10.020	0.000	0.000	0.000	1.000	0.000	0.000	0.000	0.000	0.000	0.000	0.000	0.000	0.000	0.000
